00.006435
00.006232
00.006603
00.006522
00.006328
00.006514
00.006284
00.006568
00.006778
00.006188
00.005878
00.005905
00.006408
00.009414
00.005402
00.005234
00.005238
00.005366
00.005302
00.005268
00.005176
00.005273
00.005537
00.005384
00.005329
00.005429
00.005181
00.005417
00.005638
00.005070
00.005711
00.005504
00.006838
00.005274
00.005442
00.006243
00.005602
00.005550
00.005239
00.005378
00.005407
00.005439
00.005610
00.005292
00.005343
00.005540
00.005421
00.005333
00.005439
00.005263
00.005562
00.005412
00.005184
00.005373
00.005386
00.005493
00.005300
00.005426
00.006622
00.006456
00.005966
00.006578
00.005520
00.005754
00.006205
00.005325
00.005458
00.005501
00.005560
00.005444
00.006371
00.005675
00.005433
00.005508
00.005446
00.005358
00.005361
00.005523
00.005603
00.005494
00.005424
00.005563
00.005302
00.005361
00.005565
00.005351
00.005503
00.005432
00.005441
00.005443
00.005418
00.005348
00.005993
00.006424
00.006215
00.006014
00.006049
00.005517
00.005404
00.005384