00.022260
00.022201
00.021882
00.022297
00.022200
00.022167
00.022236
00.022201
00.022238
00.022491
00.022287
00.022036
00.022657
00.022344
00.022057
00.021844
00.022446
00.022359
00.022243
00.021819
00.022290
00.022198
00.022508
00.021830
00.022382
00.024141
00.021859
00.022139
00.022410
00.022054
00.022746
00.022970
00.022367
00.022295
00.022646
00.022566
00.022186
00.022414
00.022398
00.022524
00.022363
00.021977
00.022206
00.022356
00.022389
00.022191
00.022498
00.022450
00.022831
00.022678
00.022551
00.022586
00.022278
00.022134
00.022021
00.022483
00.022580
00.022802
00.022370
00.022377
00.022319
00.022336
00.022762
00.022763
00.022588
00.022550
00.023898
00.022541
00.023759
00.022216
00.023361
00.022433
00.022347
00.022265
00.022512
00.023417
00.022498
00.022394
00.022276
00.023040
00.022145
00.021723
00.022489
00.021919
00.022166
00.022207
00.021970
00.021778
00.022292
00.022182
00.022371
00.022227
00.022352
00.022376
00.022034
00.022371
00.022354
00.022054
00.022013
00.021917