00.005896
00.006121
00.005944
00.005934
00.005699
00.005741
00.005890
00.005746
00.005946
00.006065
00.005769
00.005807
00.006079
00.006513
00.006049
00.006136
00.005933
00.005959
00.005912
00.006037
00.006321
00.006460
00.006579
00.006167
00.006242
00.006580
00.006200
00.006436
00.006872
00.006155
00.006490
00.006480
00.006682
00.006480
00.006321
00.006317
00.006346
00.006516
00.006447
00.006625
00.006485
00.006447
00.006262
00.006600
00.006264
00.006360
00.006273
00.006550
00.006479
00.006478
00.006297
00.006465
00.006646
00.006516
00.006382
00.006256
00.006470
00.006541
00.006583
00.006605
00.006600
00.006332
00.006811
00.006318
00.006103
00.005924
00.006447
00.006499
00.006323
00.007013
00.006510
00.006287
00.006570
00.006553
00.006167
00.006277
00.006187
00.006463
00.006538
00.005982
00.006535
00.006465
00.006816
00.006562
00.006380
00.006431
00.005945
00.005811
00.005939
00.005848
00.005650
00.005702
00.005876
00.005779
00.005880
00.005778
00.005786
00.005793
00.005739
00.005993