00.009911
00.008914
00.008841
00.009043
00.008889
00.009118
00.009028
00.009108
00.008855
00.008897
00.009132
00.009060
00.008627
00.009111
00.009011
00.008681
00.008843
00.008913
00.008933
00.009136
00.009017
00.008833
00.008921
00.008903
00.008816
00.008758
00.008885
00.008934
00.008972
00.009067
00.008980
00.008913
00.008964
00.008824
00.008828
00.008888
00.008804
00.008980
00.008851
00.009103
00.008938
00.008926
00.009010
00.009257
00.009118
00.009067
00.008879
00.009175
00.008804
00.008914
00.009056
00.009120
00.009042
00.008959
00.008950
00.008862
00.009104
00.008896
00.009213
00.009029
00.009103
00.009118
00.008958
00.008656
00.009006
00.008993
00.008942
00.008791
00.008987
00.008782
00.008856
00.008948
00.009032
00.008858
00.009463
00.009815
00.008710
00.008887
00.008627
00.008797
00.009034
00.009025
00.008836
00.008937
00.008651
00.009113
00.008892
00.008896
00.009801
00.009003
00.008957
00.008970
00.009922
00.010367
00.009828
00.008920
00.009063
00.009081
00.009157
00.009994