00.022118
00.021537
00.021619
00.021602
00.022560
00.021207
00.021632
00.021589
00.021655
00.021878
00.021268
00.021456
00.021134
00.021393
00.021307
00.021730
00.021349
00.021118
00.021497
00.020817
00.021863
00.021458
00.021776
00.021281
00.021600
00.021306
00.021563
00.021519
00.021265
00.021456
00.021946
00.021588
00.021912
00.021489
00.021254
00.021859
00.021857
00.021025
00.021770
00.021482
00.021779
00.021684
00.021462
00.021879
00.021399
00.021722
00.021505
00.021452
00.021417
00.022199
00.021789
00.021801
00.021632
00.021744
00.021584
00.021641
00.021458
00.021595
00.021571
00.021710
00.021619
00.021509
00.021739
00.021943
00.022046
00.021796
00.021691
00.021766
00.021561
00.021978
00.021451
00.022147
00.021554
00.021887
00.021361
00.021664
00.021323
00.021612
00.021768
00.021782
00.021872
00.021639
00.021524
00.022101
00.021594
00.021756
00.021689
00.021818
00.021534
00.021206
00.021673
00.021506
00.021735
00.021324
00.021928
00.021175
00.021765
00.021234
00.021870
00.021869