00.005937
00.005431
00.005476
00.005320
00.005284
00.005153
00.005139
00.005230
00.005297
00.005284
00.005368
00.005343
00.005344
00.005250
00.005321
00.005202
00.005370
00.005305
00.005352
00.005359
00.005183
00.005225
00.005111
00.005304
00.005371
00.005230
00.005249
00.005287
00.005241
00.005277
00.005399
00.005467
00.005167
00.005382
00.005164
00.005137
00.005372
00.005294
00.005352
00.005391
00.005188
00.005205
00.005405
00.005253
00.005134
00.005205
00.005340
00.005261
00.005117
00.005274
00.005189
00.005427
00.005134
00.005275
00.005324
00.005252
00.005180
00.005291
00.005407
00.005405
00.005129
00.005303
00.005205
00.005179
00.005271
00.005242
00.005244
00.005396
00.005208
00.005150
00.005268
00.005086
00.005096
00.005158
00.005362
00.005359
00.005235
00.005220
00.005361
00.005158
00.005316
00.005352
00.005268
00.005377
00.005317
00.005224
00.005356
00.005347
00.005364
00.005304
00.005371
00.005349
00.005591
00.005547
00.005475
00.005519
00.005357
00.005350
00.005361
00.005360