00.068297
00.066622
00.067688
00.067171
00.066806
00.067434
00.067126
00.069979
00.067891
00.067807
00.067291
00.066366
00.066695
00.067261
00.066663
00.067536
00.067102
00.067506
00.068173
00.067141
00.066759
00.066172
00.066550
00.067664
00.067958
00.067911
00.067617
00.066821
00.066451
00.067670
00.067770
00.067166
00.067877
00.067652
00.067343
00.066814
00.066876
00.068160
00.067356
00.067108
00.067572
00.067116
00.066980
00.067171
00.067191
00.067373
00.067205
00.067883
00.067522
00.067357
00.066972
00.067586
00.067603
00.067175
00.067040
00.067499
00.067549
00.065997
00.066475
00.067351
00.067300
00.067662
00.067241
00.066467
00.066352
00.066982
00.066466
00.067764
00.067320
00.066518
00.067790
00.067014
00.067905
00.066064
00.066876
00.067308
00.067089
00.067144
00.068556
00.067196
00.068146
00.067620
00.066939
00.067322
00.068833
00.067045
00.067254
00.068079
00.066210
00.066156
00.066237
00.067765
00.065783
00.068016
00.067215
00.066983
00.067526
00.067436
00.066494
00.067220