00.069235
00.067935
00.068233
00.067419
00.068129
00.068065
00.069174
00.069197
00.068062
00.068095
00.067891
00.068386
00.068929
00.068721
00.068513
00.068669
00.067694
00.069340
00.067700
00.069668
00.068226
00.068386
00.067531
00.068338
00.068697
00.068881
00.068435
00.068522
00.069494
00.069444
00.068948
00.068504
00.069401
00.067708
00.068753
00.068764
00.068671
00.068191
00.068518
00.068728
00.067818
00.068897
00.068578
00.068330
00.067918
00.068706
00.068634
00.067924
00.068374
00.068930
00.068488
00.068355
00.068629
00.067632
00.068212
00.069238
00.068954
00.067810
00.067719
00.068959
00.068538
00.068735
00.067967
00.067614
00.067910
00.068574
00.068633
00.068933
00.068824
00.068862
00.068948
00.068568
00.068652
00.068241
00.069633
00.068107
00.068123
00.068704
00.068859
00.068697
00.067845
00.069751
00.068604
00.068512
00.068935
00.067527
00.068919
00.068746
00.068420
00.068572
00.068654
00.067958
00.068144
00.067628
00.069656
00.068695
00.069102
00.068426
00.069037
00.069176
