00.010255
00.009869
00.009946
00.009875
00.010110
00.010382
00.010053
00.010497
00.010260
00.010458
00.011059
00.010261
00.010480
00.009672
00.009776
00.009758
00.009715
00.009903
00.009477
00.009605
00.009798
00.010770
00.009881
00.009883
00.009878
00.010600
00.010479
00.010814
00.011122
00.010911
00.010631
00.010310
00.010580
00.010886
00.010846
00.010579
00.010429
00.010288
00.010390
00.010402
00.011116
00.010638
00.010460
00.010283
00.010393
00.010210
00.010997
00.010209
00.011649
00.011162
00.010144
00.010216
00.010363
00.010259
00.010103
00.010597
00.010438
00.010162
00.010592
00.010956
00.010561
00.011084
00.010081
00.010500
00.010501
00.010316
00.010925
00.010305
00.010506
00.011191
00.010384
00.010380
00.010466
00.010386
00.010139
00.010378
00.010361
00.010517
00.010961
00.009996
00.010263
00.010550
00.010290
00.010441
00.010668
00.010397
00.010284
00.010451
00.010824
00.010152
00.011398
00.011735
00.009939
00.011068
00.011120
00.010568
00.011070
00.010385
00.010590
00.010630